------ sentence 1 --------
         0       Inf       Inf       Inf       Inf       Inf       Inf
       Inf         0   16.6667   33.3333   50.0000   66.6667   83.3333
       Inf   16.6667         0   16.6667   33.3333   50.0000   66.6667
       Inf   33.3333   16.6667         0   16.6667   33.3333   50.0000
       Inf   50.0000   33.3333   16.6667         0   16.6667   33.3333
       Inf   66.6667   50.0000   33.3333   16.6667   16.6667   33.3333
       Inf   83.3333   66.6667   50.0000   33.3333   33.3333   16.6667

SE error: 1.666667e+01
DE error: 0
IE error: 0
total error: 1.666667e+01
------ sentence 2 --------
         0       Inf       Inf       Inf       Inf       Inf       Inf       Inf       Inf
       Inf   12.5000   25.0000   37.5000   50.0000   62.5000   75.0000   87.5000  100.0000
       Inf   25.0000   25.0000   37.5000   50.0000   62.5000   75.0000   87.5000  100.0000
       Inf   37.5000   37.5000   25.0000   37.5000   50.0000   62.5000   75.0000   87.5000
       Inf   50.0000   50.0000   37.5000   25.0000   37.5000   50.0000   62.5000   75.0000
       Inf   62.5000   62.5000   50.0000   37.5000   25.0000   37.5000   50.0000   62.5000
       Inf   75.0000   75.0000   62.5000   50.0000   37.5000   25.0000   37.5000   50.0000
       Inf   87.5000   87.5000   75.0000   62.5000   50.0000   37.5000   25.0000   37.5000
       Inf  100.0000  100.0000   87.5000   75.0000   62.5000   50.0000   37.5000   25.0000

SE error: 25
DE error: 0
IE error: 0
total error: 25
------ sentence 3 --------
         0       Inf       Inf       Inf       Inf       Inf       Inf
       Inf         0   16.6667   33.3333   50.0000   66.6667   83.3333
       Inf   16.6667         0   16.6667   33.3333   50.0000   66.6667
       Inf   33.3333   16.6667         0   16.6667   33.3333   50.0000
       Inf   50.0000   33.3333   16.6667         0   16.6667   33.3333
       Inf   66.6667   50.0000   33.3333   16.6667         0   16.6667
       Inf   83.3333   66.6667   50.0000   33.3333   16.6667         0

SE error: 0
DE error: 0
IE error: 0
total error: 0
------ sentence 4 --------
         0       Inf       Inf       Inf       Inf       Inf       Inf       Inf       Inf       Inf       Inf
       Inf         0   11.1111   22.2222   33.3333   44.4444   55.5556   66.6667   77.7778   88.8889  100.0000
       Inf   11.1111         0   11.1111   22.2222   33.3333   44.4444   55.5556   66.6667   77.7778   88.8889
       Inf   22.2222   11.1111         0   11.1111   22.2222   33.3333   44.4444   55.5556   66.6667   77.7778
       Inf   33.3333   22.2222   11.1111         0   11.1111   22.2222   33.3333   44.4444   55.5556   66.6667
       Inf   44.4444   33.3333   22.2222   11.1111         0   11.1111   22.2222   33.3333   44.4444   55.5556
       Inf   55.5556   44.4444   33.3333   22.2222   11.1111   11.1111   22.2222   33.3333   44.4444   55.5556
       Inf   66.6667   55.5556   44.4444   33.3333   22.2222   22.2222   22.2222   22.2222   33.3333   44.4444
       Inf   77.7778   66.6667   55.5556   44.4444   33.3333   33.3333   33.3333   33.3333   22.2222   33.3333
       Inf   88.8889   77.7778   66.6667   55.5556   44.4444   44.4444   44.4444   44.4444   33.3333   22.2222

SE error: 1.111111e+01
DE error: 0
IE error: 1.111111e+01
total error: 2.222222e+01
------ sentence 5 --------
         0       Inf       Inf       Inf       Inf       Inf       Inf       Inf       Inf       Inf       Inf       Inf
       Inf         0    7.6923   15.3846   23.0769   30.7692   38.4615   46.1538   53.8462   61.5385   69.2308   76.9231
       Inf    7.6923         0    7.6923   15.3846   23.0769   30.7692   38.4615   46.1538   53.8462   61.5385   69.2308
       Inf   15.3846    7.6923    7.6923   15.3846   23.0769   30.7692   38.4615   46.1538   53.8462   61.5385   69.2308
       Inf   23.0769   15.3846   15.3846    7.6923   15.3846   23.0769   30.7692   38.4615   46.1538   53.8462   61.5385
       Inf   30.7692   23.0769   23.0769   15.3846    7.6923   15.3846   23.0769   30.7692   38.4615   46.1538   53.8462
       Inf   38.4615   30.7692   30.7692   23.0769   15.3846    7.6923   15.3846   23.0769   30.7692   38.4615   46.1538
       Inf   46.1538   38.4615   38.4615   30.7692   23.0769   15.3846   15.3846   23.0769   30.7692   38.4615   46.1538
       Inf   53.8462   46.1538   46.1538   38.4615   30.7692   23.0769   23.0769   23.0769   30.7692   38.4615   46.1538
       Inf   61.5385   53.8462   53.8462   46.1538   38.4615   30.7692   30.7692   23.0769   30.7692   38.4615   46.1538
       Inf   69.2308   61.5385   61.5385   53.8462   46.1538   38.4615   38.4615   30.7692   30.7692   38.4615   46.1538
       Inf   76.9231   69.2308   69.2308   61.5385   53.8462   46.1538   46.1538   38.4615   38.4615   38.4615   46.1538
       Inf   84.6154   76.9231   76.9231   69.2308   61.5385   53.8462   53.8462   46.1538   46.1538   38.4615   46.1538
       Inf   92.3077   84.6154   84.6154   76.9231   69.2308   61.5385   61.5385   53.8462   53.8462   46.1538   38.4615

SE error: 2.307692e+01
DE error: 1.538462e+01
IE error: 0
total error: 3.846154e+01
------ sentence 6 --------
         0       Inf       Inf       Inf       Inf       Inf       Inf
       Inf         0   14.2857   28.5714   42.8571   57.1429   71.4286
       Inf   14.2857         0   14.2857   28.5714   42.8571   57.1429
       Inf   28.5714   14.2857         0   14.2857   28.5714   42.8571
       Inf   42.8571   28.5714   14.2857         0   14.2857   28.5714
       Inf   57.1429   42.8571   28.5714   14.2857   14.2857   28.5714
       Inf   71.4286   57.1429   42.8571   28.5714   28.5714   28.5714
       Inf   85.7143   71.4286   57.1429   42.8571   42.8571   28.5714

SE error: 1.428571e+01
DE error: 1.428571e+01
IE error: 0
total error: 2.857143e+01
------ sentence 7 --------
         0       Inf       Inf       Inf       Inf       Inf       Inf       Inf       Inf       Inf       Inf       Inf       Inf
       Inf         0    7.6923   15.3846   23.0769   30.7692   38.4615   46.1538   53.8462   61.5385   69.2308   76.9231   84.6154
       Inf    7.6923         0    7.6923   15.3846   23.0769   30.7692   38.4615   46.1538   53.8462   61.5385   69.2308   76.9231
       Inf   15.3846    7.6923         0    7.6923   15.3846   23.0769   30.7692   38.4615   46.1538   53.8462   61.5385   69.2308
       Inf   23.0769   15.3846    7.6923    7.6923   15.3846   23.0769   30.7692   38.4615   46.1538   53.8462   61.5385   69.2308
       Inf   30.7692   23.0769   15.3846   15.3846   15.3846   23.0769   30.7692   38.4615   46.1538   53.8462   61.5385   69.2308
       Inf   38.4615   30.7692   23.0769   23.0769   23.0769   15.3846   23.0769   30.7692   38.4615   46.1538   53.8462   61.5385
       Inf   46.1538   38.4615   30.7692   30.7692   30.7692   23.0769   23.0769   30.7692   38.4615   46.1538   53.8462   61.5385
       Inf   53.8462   46.1538   38.4615   38.4615   38.4615   30.7692   23.0769   30.7692   38.4615   46.1538   53.8462   61.5385
       Inf   61.5385   53.8462   46.1538   46.1538   46.1538   38.4615   30.7692   23.0769   30.7692   38.4615   46.1538   53.8462
       Inf   69.2308   61.5385   53.8462   53.8462   53.8462   46.1538   38.4615   30.7692   23.0769   30.7692   38.4615   46.1538
       Inf   76.9231   69.2308   61.5385   61.5385   61.5385   53.8462   46.1538   38.4615   30.7692   23.0769   30.7692   38.4615
       Inf   84.6154   76.9231   69.2308   69.2308   69.2308   61.5385   53.8462   46.1538   38.4615   30.7692   23.0769   30.7692
       Inf   92.3077   84.6154   76.9231   76.9231   76.9231   69.2308   61.5385   53.8462   46.1538   38.4615   30.7692   23.0769

SE error: 1.538462e+01
DE error: 7.692308e+00
IE error: 0
total error: 2.307692e+01
------ sentence 8 --------
     0   Inf   Inf   Inf   Inf   Inf   Inf   Inf   Inf   Inf   Inf   Inf
   Inf    10    20    30    40    50    60    70    80    90   100   110
   Inf    20    20    30    40    50    60    70    80    90   100   110
   Inf    30    20    30    40    50    60    70    80    90   100   110
   Inf    40    30    20    30    40    50    60    70    80    90   100
   Inf    50    40    30    20    30    40    50    60    70    80    90
   Inf    60    50    40    30    20    30    40    50    60    70    80
   Inf    70    60    50    40    30    30    40    50    60    70    80
   Inf    80    70    60    50    40    40    40    50    50    60    70
   Inf    90    80    70    60    50    50    50    50    60    50    60
   Inf   100    90    80    70    60    60    60    60    60    60    50

SE error: 20
DE error: 10
IE error: 20
total error: 50
------ sentence 9 --------
         0       Inf       Inf       Inf       Inf       Inf       Inf       Inf       Inf
       Inf         0   12.5000   25.0000   37.5000   50.0000   62.5000   75.0000   87.5000
       Inf   12.5000         0   12.5000   25.0000   37.5000   50.0000   62.5000   75.0000
       Inf   25.0000   12.5000         0   12.5000   25.0000   37.5000   50.0000   62.5000
       Inf   37.5000   25.0000   12.5000         0   12.5000   25.0000   37.5000   50.0000
       Inf   50.0000   37.5000   25.0000   12.5000         0   12.5000   25.0000   37.5000
       Inf   62.5000   50.0000   37.5000   25.0000   12.5000         0   12.5000   25.0000
       Inf   75.0000   62.5000   50.0000   37.5000   25.0000   12.5000         0   12.5000
       Inf   87.5000   75.0000   62.5000   50.0000   37.5000   25.0000   12.5000         0

SE error: 0
DE error: 0
IE error: 0
total error: 0
------ sentence 10 --------
     0   Inf   Inf   Inf   Inf   Inf   Inf   Inf   Inf   Inf
   Inf     0    10    20    30    40    50    60    70    80
   Inf    10     0    10    20    30    40    50    60    70
   Inf    20    10    10    20    30    40    50    60    70
   Inf    30    20    20    10    20    30    40    50    60
   Inf    40    30    30    20    10    20    30    40    50
   Inf    50    40    40    30    20    10    20    30    40
   Inf    60    50    50    40    30    20    10    20    30
   Inf    70    60    60    50    40    30    20    20    30
   Inf    80    70    70    60    50    40    30    30    30
   Inf    90    80    80    70    60    50    40    40    30

SE error: 20
DE error: 10
IE error: 0
total error: 30
------ sentence 11 --------
         0       Inf       Inf       Inf       Inf       Inf       Inf
       Inf         0   16.6667   33.3333   50.0000   66.6667   83.3333
       Inf   16.6667         0   16.6667   33.3333   50.0000   66.6667
       Inf   33.3333   16.6667         0   16.6667   33.3333   50.0000
       Inf   50.0000   33.3333   16.6667         0   16.6667   33.3333
       Inf   66.6667   50.0000   33.3333   16.6667         0   16.6667
       Inf   83.3333   66.6667   50.0000   33.3333   16.6667   16.6667

SE error: 1.666667e+01
DE error: 0
IE error: 0
total error: 1.666667e+01
------ sentence 12 --------
         0       Inf       Inf       Inf       Inf       Inf       Inf       Inf       Inf       Inf
       Inf   12.5000   25.0000   37.5000   50.0000   62.5000   75.0000   87.5000  100.0000  112.5000
       Inf   25.0000   25.0000   37.5000   50.0000   62.5000   75.0000   87.5000  100.0000  112.5000
       Inf   37.5000   37.5000   37.5000   50.0000   62.5000   75.0000   87.5000  100.0000  112.5000
       Inf   50.0000   50.0000   50.0000   50.0000   50.0000   62.5000   75.0000   87.5000  100.0000
       Inf   62.5000   62.5000   62.5000   62.5000   62.5000   50.0000   62.5000   75.0000   87.5000
       Inf   75.0000   75.0000   75.0000   75.0000   75.0000   62.5000   50.0000   62.5000   75.0000
       Inf   87.5000   87.5000   87.5000   87.5000   87.5000   75.0000   62.5000   50.0000   62.5000
       Inf  100.0000  100.0000  100.0000  100.0000  100.0000   87.5000   75.0000   62.5000   50.0000

SE error: 3.750000e+01
DE error: 0
IE error: 1.250000e+01
total error: 50
------ sentence 13 --------
     0   Inf   Inf   Inf   Inf   Inf   Inf   Inf   Inf
   Inf    10    20    30    40    50    60    70    80
   Inf    20    20    30    40    50    60    70    80
   Inf    30    20    30    40    50    60    70    80
   Inf    40    30    20    30    40    50    60    70
   Inf    50    40    30    20    30    40    50    60
   Inf    60    50    40    30    30    40    50    60
   Inf    70    60    50    40    30    40    50    60
   Inf    80    70    60    50    40    30    40    50
   Inf    90    80    70    60    50    40    30    40
   Inf   100    90    80    70    60    50    40    30

SE error: 10
DE error: 20
IE error: 0
total error: 30
------ sentence 14 --------
         0       Inf       Inf       Inf       Inf       Inf       Inf       Inf       Inf
       Inf         0   14.2857   28.5714   42.8571   57.1429   71.4286   85.7143  100.0000
       Inf   14.2857   14.2857   14.2857   28.5714   42.8571   57.1429   71.4286   85.7143
       Inf   28.5714   28.5714   28.5714   14.2857   28.5714   42.8571   57.1429   71.4286
       Inf   42.8571   42.8571   42.8571   28.5714   14.2857   28.5714   42.8571   57.1429
       Inf   57.1429   57.1429   57.1429   42.8571   28.5714   14.2857   28.5714   42.8571
       Inf   71.4286   71.4286   71.4286   57.1429   42.8571   28.5714   14.2857   28.5714
       Inf   85.7143   85.7143   85.7143   71.4286   57.1429   42.8571   28.5714   14.2857

SE error: 0
DE error: 0
IE error: 1.428571e+01
total error: 1.428571e+01
------ sentence 15 --------
         0       Inf       Inf       Inf       Inf       Inf       Inf
       Inf         0   14.2857   28.5714   42.8571   57.1429   71.4286
       Inf   14.2857         0   14.2857   28.5714   42.8571   57.1429
       Inf   28.5714   14.2857         0   14.2857   28.5714   42.8571
       Inf   42.8571   28.5714   14.2857   14.2857   28.5714   42.8571
       Inf   57.1429   42.8571   28.5714   28.5714   28.5714   42.8571
       Inf   71.4286   57.1429   42.8571   42.8571   28.5714   42.8571
       Inf   85.7143   71.4286   57.1429   57.1429   42.8571   28.5714

SE error: 1.428571e+01
DE error: 1.428571e+01
IE error: 0
total error: 2.857143e+01
------ sentence 16 --------
     0   Inf   Inf   Inf   Inf
   Inf     0    20    40    60
   Inf    20    20    40    60
   Inf    40    40    40    60
   Inf    60    60    40    60
   Inf    80    80    60    40

SE error: 20
DE error: 20
IE error: 0
total error: 40
------ sentence 17 --------
         0       Inf       Inf       Inf       Inf       Inf       Inf       Inf       Inf       Inf       Inf       Inf
       Inf    9.0909   18.1818   27.2727   36.3636   45.4545   54.5455   63.6364   72.7273   81.8182   90.9091  100.0000
       Inf   18.1818   18.1818   27.2727   36.3636   45.4545   54.5455   63.6364   72.7273   81.8182   90.9091  100.0000
       Inf   27.2727   27.2727   18.1818   27.2727   36.3636   45.4545   54.5455   63.6364   72.7273   81.8182   90.9091
       Inf   36.3636   36.3636   27.2727   18.1818   27.2727   36.3636   45.4545   54.5455   63.6364   72.7273   81.8182
       Inf   45.4545   45.4545   36.3636   27.2727   18.1818   27.2727   36.3636   45.4545   54.5455   63.6364   72.7273
       Inf   54.5455   54.5455   45.4545   36.3636   27.2727   27.2727   36.3636   45.4545   54.5455   63.6364   72.7273
       Inf   63.6364   63.6364   54.5455   45.4545   36.3636   36.3636   27.2727   36.3636   45.4545   54.5455   63.6364
       Inf   72.7273   72.7273   63.6364   54.5455   45.4545   45.4545   36.3636   27.2727   36.3636   45.4545   54.5455
       Inf   81.8182   81.8182   72.7273   63.6364   54.5455   54.5455   45.4545   36.3636   27.2727   36.3636   45.4545
       Inf   90.9091   90.9091   81.8182   72.7273   63.6364   63.6364   54.5455   45.4545   36.3636   27.2727   36.3636
       Inf  100.0000  100.0000   90.9091   81.8182   72.7273   72.7273   63.6364   54.5455   45.4545   36.3636   27.2727

SE error: 2.727273e+01
DE error: 0
IE error: 0
total error: 2.727273e+01
------ sentence 18 --------
         0       Inf       Inf       Inf       Inf       Inf       Inf       Inf       Inf       Inf       Inf       Inf
       Inf         0    9.0909   18.1818   27.2727   36.3636   45.4545   54.5455   63.6364   72.7273   81.8182   90.9091
       Inf    9.0909         0    9.0909   18.1818   27.2727   36.3636   45.4545   54.5455   63.6364   72.7273   81.8182
       Inf   18.1818    9.0909    9.0909   18.1818   27.2727   36.3636   45.4545   54.5455   63.6364   72.7273   81.8182
       Inf   27.2727   18.1818    9.0909   18.1818   27.2727   36.3636   45.4545   54.5455   63.6364   72.7273   81.8182
       Inf   36.3636   27.2727   18.1818    9.0909   18.1818   27.2727   36.3636   45.4545   54.5455   63.6364   72.7273
       Inf   45.4545   36.3636   27.2727   18.1818    9.0909   18.1818   27.2727   36.3636   45.4545   54.5455   63.6364
       Inf   54.5455   45.4545   36.3636   27.2727   18.1818   18.1818   27.2727   36.3636   45.4545   54.5455   63.6364
       Inf   63.6364   54.5455   45.4545   36.3636   27.2727   27.2727   27.2727   27.2727   36.3636   45.4545   54.5455
       Inf   72.7273   63.6364   54.5455   45.4545   36.3636   36.3636   36.3636   36.3636   27.2727   36.3636   45.4545
       Inf   81.8182   72.7273   63.6364   54.5455   45.4545   45.4545   45.4545   45.4545   36.3636   27.2727   36.3636
       Inf   90.9091   81.8182   72.7273   63.6364   54.5455   54.5455   54.5455   54.5455   45.4545   36.3636   27.2727

SE error: 9.090909e+00
DE error: 9.090909e+00
IE error: 9.090909e+00
total error: 2.727273e+01
------ sentence 19 --------
     0   Inf   Inf   Inf   Inf   Inf   Inf   Inf   Inf   Inf   Inf
   Inf    10    20    30    40    50    60    70    80    90   100
   Inf    20    20    30    40    50    60    70    80    90   100
   Inf    30    30    20    30    40    50    60    70    80    90
   Inf    40    40    30    20    30    40    50    60    70    80
   Inf    50    50    40    30    20    30    40    50    60    70
   Inf    60    60    50    40    30    20    30    40    50    60
   Inf    70    70    60    50    40    30    20    30    40    50
   Inf    80    80    70    60    50    40    30    20    30    40
   Inf    90    90    80    70    60    50    40    30    20    30
   Inf   100   100    90    80    70    60    50    40    30    20

SE error: 20
DE error: 0
IE error: 0
total error: 20
------ sentence 20 --------
         0       Inf       Inf       Inf       Inf       Inf       Inf       Inf
       Inf         0   14.2857   28.5714   42.8571   57.1429   71.4286   85.7143
       Inf   14.2857         0   14.2857   28.5714   42.8571   57.1429   71.4286
       Inf   28.5714   14.2857         0   14.2857   28.5714   42.8571   57.1429
       Inf   42.8571   28.5714   14.2857         0   14.2857   28.5714   42.8571
       Inf   57.1429   42.8571   28.5714   14.2857         0   14.2857   28.5714
       Inf   71.4286   57.1429   42.8571   28.5714   14.2857         0   14.2857
       Inf   85.7143   71.4286   57.1429   42.8571   28.5714   14.2857         0

SE error: 0
DE error: 0
IE error: 0
total error: 0
------ sentence 21 --------
         0       Inf       Inf       Inf
       Inf         0   33.3333   66.6667
       Inf   33.3333         0   33.3333
       Inf   66.6667   33.3333         0

SE error: 0
DE error: 0
IE error: 0
total error: 0
------ sentence 22 --------
         0       Inf       Inf       Inf       Inf       Inf       Inf       Inf       Inf       Inf       Inf
       Inf         0   11.1111   22.2222   33.3333   44.4444   55.5556   66.6667   77.7778   88.8889  100.0000
       Inf   11.1111   11.1111   22.2222   33.3333   44.4444   55.5556   66.6667   77.7778   88.8889  100.0000
       Inf   22.2222   22.2222   22.2222   33.3333   44.4444   55.5556   66.6667   77.7778   88.8889  100.0000
       Inf   33.3333   33.3333   33.3333   33.3333   33.3333   44.4444   55.5556   66.6667   77.7778   88.8889
       Inf   44.4444   44.4444   44.4444   44.4444   44.4444   33.3333   44.4444   55.5556   66.6667   77.7778
       Inf   55.5556   55.5556   55.5556   55.5556   55.5556   44.4444   33.3333   44.4444   55.5556   66.6667
       Inf   66.6667   66.6667   66.6667   66.6667   66.6667   55.5556   44.4444   33.3333   44.4444   55.5556
       Inf   77.7778   77.7778   77.7778   77.7778   77.7778   66.6667   55.5556   44.4444   33.3333   44.4444
       Inf   88.8889   88.8889   88.8889   88.8889   88.8889   77.7778   66.6667   55.5556   44.4444   33.3333

SE error: 2.222222e+01
DE error: 0
IE error: 1.111111e+01
total error: 3.333333e+01
------ sentence 23 --------
         0       Inf       Inf       Inf       Inf       Inf       Inf       Inf       Inf       Inf       Inf       Inf
       Inf         0    9.0909   18.1818   27.2727   36.3636   45.4545   54.5455   63.6364   72.7273   81.8182   90.9091
       Inf    9.0909         0    9.0909   18.1818   27.2727   36.3636   45.4545   54.5455   63.6364   72.7273   81.8182
       Inf   18.1818    9.0909         0    9.0909   18.1818   27.2727   36.3636   45.4545   54.5455   63.6364   72.7273
       Inf   27.2727   18.1818    9.0909         0    9.0909   18.1818   27.2727   36.3636   45.4545   54.5455   63.6364
       Inf   36.3636   27.2727   18.1818    9.0909         0    9.0909   18.1818   27.2727   36.3636   45.4545   54.5455
       Inf   45.4545   36.3636   27.2727   18.1818    9.0909         0    9.0909   18.1818   27.2727   36.3636   45.4545
       Inf   54.5455   45.4545   36.3636   27.2727   18.1818    9.0909         0    9.0909   18.1818   27.2727   36.3636
       Inf   63.6364   54.5455   45.4545   36.3636   27.2727   18.1818    9.0909    9.0909   18.1818   27.2727   36.3636
       Inf   72.7273   63.6364   54.5455   45.4545   36.3636   27.2727   18.1818   18.1818   18.1818   27.2727   36.3636
       Inf   81.8182   72.7273   63.6364   54.5455   45.4545   36.3636   27.2727   27.2727   27.2727   18.1818   27.2727
       Inf   90.9091   81.8182   72.7273   63.6364   54.5455   45.4545   36.3636   36.3636   36.3636   27.2727   18.1818

SE error: 1.818182e+01
DE error: 0
IE error: 0
total error: 1.818182e+01
------ sentence 24 --------
     0   Inf   Inf   Inf   Inf   Inf   Inf   Inf   Inf   Inf   Inf
   Inf    10    20    30    40    50    60    70    80    90   100
   Inf    20    10    20    30    40    50    60    70    80    90
   Inf    30    20    10    20    30    40    50    60    70    80
   Inf    40    30    20    10    20    30    40    50    60    70
   Inf    50    40    30    20    10    20    30    40    50    60
   Inf    60    50    40    30    20    10    20    30    40    50
   Inf    70    60    50    40    30    20    10    20    30    40
   Inf    80    70    60    50    40    30    20    10    20    30
   Inf    90    80    70    60    50    40    30    20    10    20
   Inf   100    90    80    70    60    50    40    30    20    10

SE error: 10
DE error: 0
IE error: 0
total error: 10
------ sentence 25 --------
     0   Inf   Inf   Inf   Inf   Inf   Inf   Inf   Inf   Inf   Inf
   Inf     0    10    20    30    40    50    60    70    80    90
   Inf    10     0    10    20    30    40    50    60    70    80
   Inf    20    10     0    10    20    30    40    50    60    70
   Inf    30    20    10     0    10    20    30    40    50    60
   Inf    40    30    20    10     0    10    20    30    40    50
   Inf    50    40    30    20    10     0    10    20    30    40
   Inf    60    50    40    30    20    10     0    10    20    30
   Inf    70    60    50    40    30    20    10     0    10    20
   Inf    80    70    60    50    40    30    20    10     0    10
   Inf    90    80    70    60    50    40    30    20    10     0

SE error: 0
DE error: 0
IE error: 0
total error: 0
------ sentence 26 --------
         0       Inf       Inf       Inf       Inf       Inf       Inf       Inf       Inf       Inf       Inf       Inf       Inf
       Inf         0    8.3333   16.6667   25.0000   33.3333   41.6667   50.0000   58.3333   66.6667   75.0000   83.3333   91.6667
       Inf    8.3333         0    8.3333   16.6667   25.0000   33.3333   41.6667   50.0000   58.3333   66.6667   75.0000   83.3333
       Inf   16.6667    8.3333    8.3333   16.6667   25.0000   33.3333   41.6667   50.0000   58.3333   66.6667   75.0000   83.3333
       Inf   25.0000   16.6667   16.6667    8.3333   16.6667   25.0000   33.3333   41.6667   50.0000   58.3333   66.6667   75.0000
       Inf   33.3333   25.0000   25.0000   16.6667    8.3333   16.6667   25.0000   33.3333   41.6667   50.0000   58.3333   66.6667
       Inf   41.6667   33.3333   33.3333   25.0000   16.6667    8.3333   16.6667   25.0000   33.3333   41.6667   50.0000   58.3333
       Inf   50.0000   41.6667   41.6667   33.3333   25.0000   16.6667    8.3333   16.6667   25.0000   33.3333   41.6667   50.0000
       Inf   58.3333   50.0000   50.0000   41.6667   33.3333   25.0000   16.6667    8.3333   16.6667   25.0000   33.3333   41.6667
       Inf   66.6667   58.3333   58.3333   50.0000   41.6667   33.3333   25.0000   16.6667    8.3333   16.6667   25.0000   33.3333
       Inf   75.0000   66.6667   66.6667   58.3333   50.0000   41.6667   33.3333   25.0000   16.6667    8.3333   16.6667   25.0000
       Inf   83.3333   75.0000   75.0000   66.6667   58.3333   50.0000   41.6667   33.3333   25.0000   16.6667    8.3333   16.6667
       Inf   91.6667   83.3333   83.3333   75.0000   66.6667   58.3333   50.0000   41.6667   33.3333   25.0000   16.6667   16.6667

SE error: 1.666667e+01
DE error: 0
IE error: 0
total error: 1.666667e+01
------ sentence 27 --------
         0       Inf       Inf       Inf       Inf       Inf       Inf
       Inf         0   16.6667   33.3333   50.0000   66.6667   83.3333
       Inf   16.6667         0   16.6667   33.3333   50.0000   66.6667
       Inf   33.3333   16.6667         0   16.6667   33.3333   50.0000
       Inf   50.0000   33.3333   16.6667   16.6667   33.3333   50.0000
       Inf   66.6667   50.0000   33.3333   16.6667   33.3333   50.0000
       Inf   83.3333   66.6667   50.0000   33.3333   33.3333   50.0000

SE error: 1.666667e+01
DE error: 1.666667e+01
IE error: 1.666667e+01
total error: 50
------ sentence 28 --------
     0   Inf   Inf   Inf   Inf   Inf   Inf   Inf   Inf   Inf
   Inf    10    20    30    40    50    60    70    80    90
   Inf    20    20    30    40    50    60    70    80    90
   Inf    30    20    30    40    50    60    70    80    90
   Inf    40    30    20    30    40    50    60    70    80
   Inf    50    40    30    20    30    40    50    60    70
   Inf    60    50    40    30    20    30    40    50    60
   Inf    70    60    50    40    30    20    30    40    50
   Inf    80    70    60    50    40    30    20    30    40
   Inf    90    80    70    60    50    40    30    20    30
   Inf   100    90    80    70    60    50    40    30    20

SE error: 10
DE error: 10
IE error: 0
total error: 20
------ sentence 29 --------
         0       Inf       Inf       Inf       Inf       Inf       Inf       Inf       Inf       Inf       Inf       Inf       Inf       Inf       Inf
       Inf         0    9.0909   18.1818   27.2727   36.3636   45.4545   54.5455   63.6364   72.7273   81.8182   90.9091  100.0000  109.0909  118.1818
       Inf    9.0909         0    9.0909   18.1818   27.2727   36.3636   45.4545   54.5455   63.6364   72.7273   81.8182   90.9091  100.0000  109.0909
       Inf   18.1818    9.0909         0    9.0909   18.1818   27.2727   36.3636   45.4545   54.5455   63.6364   72.7273   81.8182   90.9091  100.0000
       Inf   27.2727   18.1818    9.0909    9.0909   18.1818   27.2727   36.3636   45.4545   54.5455   63.6364   72.7273   81.8182   90.9091  100.0000
       Inf   36.3636   27.2727   18.1818   18.1818   18.1818   18.1818   27.2727   36.3636   45.4545   54.5455   63.6364   72.7273   81.8182   90.9091
       Inf   45.4545   36.3636   27.2727   27.2727   27.2727   27.2727   27.2727   36.3636   45.4545   54.5455   63.6364   72.7273   81.8182   90.9091
       Inf   54.5455   45.4545   36.3636   36.3636   36.3636   36.3636   36.3636   36.3636   45.4545   54.5455   63.6364   72.7273   81.8182   90.9091
       Inf   63.6364   54.5455   45.4545   45.4545   45.4545   45.4545   45.4545   45.4545   45.4545   54.5455   63.6364   72.7273   81.8182   90.9091
       Inf   72.7273   63.6364   54.5455   54.5455   54.5455   54.5455   54.5455   54.5455   54.5455   54.5455   63.6364   72.7273   81.8182   90.9091
       Inf   81.8182   72.7273   63.6364   63.6364   63.6364   63.6364   63.6364   63.6364   63.6364   63.6364   63.6364   72.7273   72.7273   81.8182
       Inf   90.9091   81.8182   72.7273   72.7273   72.7273   72.7273   72.7273   72.7273   72.7273   72.7273   72.7273   72.7273   81.8182   72.7273

SE error: 4.545455e+01
DE error: 0
IE error: 2.727273e+01
total error: 7.272727e+01
------ sentence 30 --------
         0       Inf       Inf       Inf       Inf       Inf       Inf
       Inf         0   16.6667   33.3333   50.0000   66.6667   83.3333
       Inf   16.6667   16.6667   33.3333   50.0000   66.6667   83.3333
       Inf   33.3333   33.3333   16.6667   33.3333   50.0000   66.6667
       Inf   50.0000   50.0000   33.3333   16.6667   33.3333   50.0000
       Inf   66.6667   66.6667   50.0000   33.3333   16.6667   33.3333
       Inf   83.3333   83.3333   66.6667   50.0000   33.3333   33.3333

SE error: 3.333333e+01
DE error: 0
IE error: 0
total error: 3.333333e+01
Error using importdata (line 137)
Unable to open file.

Error in Levenshtein (line 23)
    REF = importdata(annotate_file);
 
>> Levenshtein('/u/cs401/speechdata/Testing/hypotheses.txt', '/u/cs401/speechdata/Testing')
>> Levenshtein('/u/cs401/speechdata/Testing/hypotheses.txt', '/u/cs401/speechdata/Testing')
>> Levenshtein('/u/cs401/speechdata/Testing/hypotheses.txt', '/u/cs401/speechdata/Testing')
------ sentence 1 --------
         0       Inf       Inf       Inf       Inf       Inf       Inf
       Inf         0   16.6667   33.3333   50.0000   66.6667   83.3333
       Inf   16.6667         0   16.6667   33.3333   50.0000   66.6667
       Inf   33.3333   16.6667         0   16.6667   33.3333   50.0000
       Inf   50.0000   33.3333   16.6667         0   16.6667   33.3333
       Inf   66.6667   50.0000   33.3333   16.6667   16.6667   33.3333
       Inf   83.3333   66.6667   50.0000   33.3333   33.3333   16.6667

SE error: 1.666667e+01
DE error: 0
IE error: 0
total error: 1.666667e+01
------ sentence 2 --------
         0       Inf       Inf       Inf       Inf       Inf       Inf       Inf       Inf
       Inf   12.5000   25.0000   37.5000   50.0000   62.5000   75.0000   87.5000  100.0000
       Inf   25.0000   25.0000   37.5000   50.0000   62.5000   75.0000   87.5000  100.0000
       Inf   37.5000   37.5000   25.0000   37.5000   50.0000   62.5000   75.0000   87.5000
       Inf   50.0000   50.0000   37.5000   25.0000   37.5000   50.0000   62.5000   75.0000
       Inf   62.5000   62.5000   50.0000   37.5000   25.0000   37.5000   50.0000   62.5000
       Inf   75.0000   75.0000   62.5000   50.0000   37.5000   25.0000   37.5000   50.0000
       Inf   87.5000   87.5000   75.0000   62.5000   50.0000   37.5000   25.0000   37.5000
       Inf  100.0000  100.0000   87.5000   75.0000   62.5000   50.0000   37.5000   25.0000

SE error: 25
DE error: 0
IE error: 0
total error: 25
------ sentence 3 --------
         0       Inf       Inf       Inf       Inf       Inf       Inf
       Inf         0   16.6667   33.3333   50.0000   66.6667   83.3333
       Inf   16.6667         0   16.6667   33.3333   50.0000   66.6667
       Inf   33.3333   16.6667         0   16.6667   33.3333   50.0000
       Inf   50.0000   33.3333   16.6667         0   16.6667   33.3333
       Inf   66.6667   50.0000   33.3333   16.6667         0   16.6667
       Inf   83.3333   66.6667   50.0000   33.3333   16.6667         0

SE error: 0
DE error: 0
IE error: 0
total error: 0
------ sentence 4 --------
         0       Inf       Inf       Inf       Inf       Inf       Inf       Inf       Inf       Inf       Inf
       Inf         0   11.1111   22.2222   33.3333   44.4444   55.5556   66.6667   77.7778   88.8889  100.0000
       Inf   11.1111         0   11.1111   22.2222   33.3333   44.4444   55.5556   66.6667   77.7778   88.8889
       Inf   22.2222   11.1111         0   11.1111   22.2222   33.3333   44.4444   55.5556   66.6667   77.7778
       Inf   33.3333   22.2222   11.1111         0   11.1111   22.2222   33.3333   44.4444   55.5556   66.6667
       Inf   44.4444   33.3333   22.2222   11.1111         0   11.1111   22.2222   33.3333   44.4444   55.5556
       Inf   55.5556   44.4444   33.3333   22.2222   11.1111   11.1111   22.2222   33.3333   44.4444   55.5556
       Inf   66.6667   55.5556   44.4444   33.3333   22.2222   22.2222   22.2222   22.2222   33.3333   44.4444
       Inf   77.7778   66.6667   55.5556   44.4444   33.3333   33.3333   33.3333   33.3333   22.2222   33.3333
       Inf   88.8889   77.7778   66.6667   55.5556   44.4444   44.4444   44.4444   44.4444   33.3333   22.2222

SE error: 1.111111e+01
DE error: 0
IE error: 1.111111e+01
total error: 2.222222e+01
------ sentence 5 --------
         0       Inf       Inf       Inf       Inf       Inf       Inf       Inf       Inf       Inf       Inf       Inf
       Inf         0    7.6923   15.3846   23.0769   30.7692   38.4615   46.1538   53.8462   61.5385   69.2308   76.9231
       Inf    7.6923         0    7.6923   15.3846   23.0769   30.7692   38.4615   46.1538   53.8462   61.5385   69.2308
       Inf   15.3846    7.6923    7.6923   15.3846   23.0769   30.7692   38.4615   46.1538   53.8462   61.5385   69.2308
       Inf   23.0769   15.3846   15.3846    7.6923   15.3846   23.0769   30.7692   38.4615   46.1538   53.8462   61.5385
       Inf   30.7692   23.0769   23.0769   15.3846    7.6923   15.3846   23.0769   30.7692   38.4615   46.1538   53.8462
       Inf   38.4615   30.7692   30.7692   23.0769   15.3846    7.6923   15.3846   23.0769   30.7692   38.4615   46.1538
       Inf   46.1538   38.4615   38.4615   30.7692   23.0769   15.3846   15.3846   23.0769   30.7692   38.4615   46.1538
       Inf   53.8462   46.1538   46.1538   38.4615   30.7692   23.0769   23.0769   23.0769   30.7692   38.4615   46.1538
       Inf   61.5385   53.8462   53.8462   46.1538   38.4615   30.7692   30.7692   23.0769   30.7692   38.4615   46.1538
       Inf   69.2308   61.5385   61.5385   53.8462   46.1538   38.4615   38.4615   30.7692   30.7692   38.4615   46.1538
       Inf   76.9231   69.2308   69.2308   61.5385   53.8462   46.1538   46.1538   38.4615   38.4615   38.4615   46.1538
       Inf   84.6154   76.9231   76.9231   69.2308   61.5385   53.8462   53.8462   46.1538   46.1538   38.4615   46.1538
       Inf   92.3077   84.6154   84.6154   76.9231   69.2308   61.5385   61.5385   53.8462   53.8462   46.1538   38.4615

SE error: 2.307692e+01
DE error: 1.538462e+01
IE error: 0
total error: 3.846154e+01
------ sentence 6 --------
         0       Inf       Inf       Inf       Inf       Inf       Inf
       Inf         0   14.2857   28.5714   42.8571   57.1429   71.4286
       Inf   14.2857         0   14.2857   28.5714   42.8571   57.1429
       Inf   28.5714   14.2857         0   14.2857   28.5714   42.8571
       Inf   42.8571   28.5714   14.2857         0   14.2857   28.5714
       Inf   57.1429   42.8571   28.5714   14.2857   14.2857   28.5714
       Inf   71.4286   57.1429   42.8571   28.5714   28.5714   28.5714
       Inf   85.7143   71.4286   57.1429   42.8571   42.8571   28.5714

SE error: 1.428571e+01
DE error: 1.428571e+01
IE error: 0
total error: 2.857143e+01
------ sentence 7 --------
         0       Inf       Inf       Inf       Inf       Inf       Inf       Inf       Inf       Inf       Inf       Inf       Inf
       Inf         0    7.6923   15.3846   23.0769   30.7692   38.4615   46.1538   53.8462   61.5385   69.2308   76.9231   84.6154
       Inf    7.6923         0    7.6923   15.3846   23.0769   30.7692   38.4615   46.1538   53.8462   61.5385   69.2308   76.9231
       Inf   15.3846    7.6923         0    7.6923   15.3846   23.0769   30.7692   38.4615   46.1538   53.8462   61.5385   69.2308
       Inf   23.0769   15.3846    7.6923    7.6923   15.3846   23.0769   30.7692   38.4615   46.1538   53.8462   61.5385   69.2308
       Inf   30.7692   23.0769   15.3846   15.3846   15.3846   23.0769   30.7692   38.4615   46.1538   53.8462   61.5385   69.2308
       Inf   38.4615   30.7692   23.0769   23.0769   23.0769   15.3846   23.0769   30.7692   38.4615   46.1538   53.8462   61.5385
       Inf   46.1538   38.4615   30.7692   30.7692   30.7692   23.0769   23.0769   30.7692   38.4615   46.1538   53.8462   61.5385
       Inf   53.8462   46.1538   38.4615   38.4615   38.4615   30.7692   23.0769   30.7692   38.4615   46.1538   53.8462   61.5385
       Inf   61.5385   53.8462   46.1538   46.1538   46.1538   38.4615   30.7692   23.0769   30.7692   38.4615   46.1538   53.8462
       Inf   69.2308   61.5385   53.8462   53.8462   53.8462   46.1538   38.4615   30.7692   23.0769   30.7692   38.4615   46.1538
       Inf   76.9231   69.2308   61.5385   61.5385   61.5385   53.8462   46.1538   38.4615   30.7692   23.0769   30.7692   38.4615
       Inf   84.6154   76.9231   69.2308   69.2308   69.2308   61.5385   53.8462   46.1538   38.4615   30.7692   23.0769   30.7692
       Inf   92.3077   84.6154   76.9231   76.9231   76.9231   69.2308   61.5385   53.8462   46.1538   38.4615   30.7692   23.0769

SE error: 1.538462e+01
DE error: 7.692308e+00
IE error: 0
total error: 2.307692e+01
------ sentence 8 --------
     0   Inf   Inf   Inf   Inf   Inf   Inf   Inf   Inf   Inf   Inf   Inf
   Inf    10    20    30    40    50    60    70    80    90   100   110
   Inf    20    20    30    40    50    60    70    80    90   100   110
   Inf    30    20    30    40    50    60    70    80    90   100   110
   Inf    40    30    20    30    40    50    60    70    80    90   100
   Inf    50    40    30    20    30    40    50    60    70    80    90
   Inf    60    50    40    30    20    30    40    50    60    70    80
   Inf    70    60    50    40    30    30    40    50    60    70    80
   Inf    80    70    60    50    40    40    40    50    50    60    70
   Inf    90    80    70    60    50    50    50    50    60    50    60
   Inf   100    90    80    70    60    60    60    60    60    60    50

SE error: 20
DE error: 10
IE error: 20
total error: 50
------ sentence 9 --------
         0       Inf       Inf       Inf       Inf       Inf       Inf       Inf       Inf
       Inf         0   12.5000   25.0000   37.5000   50.0000   62.5000   75.0000   87.5000
       Inf   12.5000         0   12.5000   25.0000   37.5000   50.0000   62.5000   75.0000
       Inf   25.0000   12.5000         0   12.5000   25.0000   37.5000   50.0000   62.5000
       Inf   37.5000   25.0000   12.5000         0   12.5000   25.0000   37.5000   50.0000
       Inf   50.0000   37.5000   25.0000   12.5000         0   12.5000   25.0000   37.5000
       Inf   62.5000   50.0000   37.5000   25.0000   12.5000         0   12.5000   25.0000
       Inf   75.0000   62.5000   50.0000   37.5000   25.0000   12.5000         0   12.5000
       Inf   87.5000   75.0000   62.5000   50.0000   37.5000   25.0000   12.5000         0

SE error: 0
DE error: 0
IE error: 0
total error: 0
------ sentence 10 --------
     0   Inf   Inf   Inf   Inf   Inf   Inf   Inf   Inf   Inf
   Inf     0    10    20    30    40    50    60    70    80
   Inf    10     0    10    20    30    40    50    60    70
   Inf    20    10    10    20    30    40    50    60    70
   Inf    30    20    20    10    20    30    40    50    60
   Inf    40    30    30    20    10    20    30    40    50
   Inf    50    40    40    30    20    10    20    30    40
   Inf    60    50    50    40    30    20    10    20    30
   Inf    70    60    60    50    40    30    20    20    30
   Inf    80    70    70    60    50    40    30    30    30
   Inf    90    80    80    70    60    50    40    40    30

SE error: 20
